,交通运输、仓储业,交通运输、仓储和邮政业,传播与文化产业,住宿和餐饮业,信息传输、软件和信息技术服务业,信息技术业,农、林、牧、渔业,制造业,医药、生物制品,卫生和社会工作,建筑业,房地产业,批发和零售业,批发和零售贸易,教育,文化、体育和娱乐业,机械、设备、仪表,水利、环境和公共设施管理业,电力、热力、燃气及水生产和供应业,电力、煤气及水的生产和供应业,电子,石油、化学、塑胶、塑料,社会服务业,科学研究和技术服务业,租赁和商务服务业,纺织、服装、皮毛,综合,综合类,行业投资合计,采掘业,采矿业,金属、非金属,金融、保险业,金融业,食品、饮料
0,0.0,0.0,0.0,0.0,0.0,7813672.3,0.0,397191068.02,63147484.61,0.0,13110552.24,0.0,0.0,57466433.8,0.0,0.0,138392537.77,0.0,0.0,0.0,10139763.4,88375860.4,17492375.0,0.0,0.0,0.0,0.0,0.0,546532725.32,0.0,0.0,65281608.16,53458623.96,0.0,31853813.68
1,0.0,0.0,6168705.18,0.0,0.0,70216717.98,0.0,395909895.92,70439895.54,0.0,22165000.0,0.0,0.0,84343072.96,0.0,0.0,99952817.7,0.0,0.0,13784672.12,10178000.0,109270551.0,9210000.0,0.0,0.0,22779664.4,0.0,19149949.95,695518427.35,6570720.0,0.0,43668029.04,67999693.24,0.0,39620938.24
2,9540.0,0.0,21622300.0,0.0,0.0,136309489.24,0.0,357416984.91,66818508.06,0.0,15470415.0,0.0,0.0,13680000.0,0.0,0.0,83848916.23,0.0,0.0,0.0,0.0,132130848.12,2616597.46,0.0,0.0,18832000.0,0.0,14490.0,630275099.66,31492220.5,0.0,0.0,51643062.55,0.0,55786712.5
3,0.0,0.0,4168714.0,0.0,0.0,80024421.2,0.0,323933301.88,103831660.38,0.0,14060888.3,0.0,0.0,0.0,0.0,0.0,4432000.0,0.0,0.0,0.0,6021489.95,131029801.35,24648036.94,0.0,0.0,9440000.0,0.0,0.0,546321927.95,44592850.0,0.0,0.0,54893715.63,0.0,69178350.2
4,0.0,0.0,2727843.0,0.0,0.0,44122223.08,1521000.0,382952542.17,82209831.2,0.0,3571357.5,0.0,0.0,16810957.17,0.0,0.0,54179348.73,0.0,0.0,1241991.72,43976997.22,102709056.09,39910449.01,0.0,0.0,1679000.0,0.0,0.0,537533350.9,44674987.25,0.0,7041426.9,0.0,0.0,91156882.03
5,0.0,0.0,10464388.23,0.0,0.0,41878580.52,14649010.4,350469091.03,50430977.52,0.0,0.0,4860000.0,0.0,5176500.0,0.0,0.0,62333049.79,0.0,0.0,7586690.68,91372725.36,44092557.5,32896394.48,0.0,0.0,14775378.8,0.0,2186816.94,638369050.83,42806772.0,0.0,0.0,125394806.55,0.0,87464402.06
6,0.0,0.0,0.0,0.0,0.0,44678715.78,15420772.72,436538178.56,52276866.2,0.0,10528104.6,0.0,0.0,9060000.0,0.0,0.0,21407982.23,0.0,0.0,0.0,141461879.92,97973800.21,66196029.78,0.0,0.0,0.0,0.0,0.0,670199117.53,0.0,0.0,20736000.0,87777316.09,0.0,102681650.0
7,0.0,0.0,0.0,0.0,0.0,30183189.73,0.0,417365189.24,86910178.44,0.0,47033206.15,70941720.0,0.0,8075628.0,0.0,0.0,57011557.48,0.0,0.0,0.0,135888350.56,62643663.43,53341543.76,0.0,0.0,8632700.0,0.0,0.0,829548933.55,36620834.44,0.0,0.0,165987622.23,0.0,66278739.33
8,0.0,0.0,0.0,0.0,17420899.84,0.0,0.0,519350114.81,0.0,0.0,10991577.0,15105656.56,12772990.86,0.0,0.0,0.0,0.0,96340767.19,0.0,0.0,0.0,0.0,0.0,8260000.0,19565030.0,0.0,25425541.96,0.0,750084049.49,0.0,24851471.27,0.0,0.0,0.0,0.0
9,0.0,0.0,0.0,0.0,137824555.71,0.0,8643000.0,432935472.77,0.0,0.0,24751466.88,37855504.65,5910000.0,0.0,0.0,17124604.05,0.0,55417438.11,31609827.6,0.0,0.0,0.0,0.0,5038529.91,29794121.84,0.0,0.0,0.0,808190832.06,0.0,20052342.56,0.0,0.0,1233967.98,0.0
10,0.0,0.0,0.0,0.0,115014133.35,0.0,18539851.68,443818851.63,0.0,0.0,6212800.0,7990000.0,0.0,0.0,0.0,78331945.38,0.0,79252609.7,0.0,0.0,0.0,0.0,0.0,3825000.0,35580859.84,0.0,0.0,0.0,845688949.37,0.0,11650500.0,0.0,0.0,45472397.79,0.0
11,0.0,0.0,0.0,0.0,122774891.5,0.0,0.0,540341209.68,0.0,0.0,0.0,1576000.0,17892715.8,0.0,0.0,18777100.0,0.0,77671729.6,14239500.0,0.0,0.0,0.0,0.0,3816000.0,31275966.4,0.0,0.0,0.0,887655002.11,0.0,56689889.13,0.0,0.0,2600000.0,0.0
12,0.0,4680500.0,0.0,0.0,167075034.04,0.0,0.0,373399659.69,0.0,0.0,0.0,13199171.0,34607402.6,0.0,0.0,27697127.0,0.0,14534600.0,0.0,0.0,0.0,0.0,0.0,3959400.0,32321056.5,0.0,0.0,0.0,714188683.76,0.0,42714732.93,0.0,0.0,0.0,0.0
13,0.0,0.0,0.0,5904810.3,198289498.98,0.0,0.0,321180346.59,0.0,10322656.5,0.0,0.0,3359919.36,0.0,0.0,858500.0,0.0,1473.6,0.0,0.0,0.0,0.0,0.0,0.0,30470261.46,0.0,0.0,0.0,628198062.59,0.0,32239595.8,0.0,0.0,25571000.0,0.0
14,0.0,0.0,0.0,16267572.8,189530726.74,0.0,33550730.17,401414100.88,0.0,0.0,0.0,0.0,4260000.0,0.0,0.0,20394131.52,0.0,1662.4,8592000.0,0.0,0.0,0.0,0.0,32260.0,13157992.0,0.0,0.0,0.0,728324886.61,0.0,41123710.1,0.0,0.0,0.0,0.0
15,0.0,0.0,0.0,19829065.68,136107096.2,0.0,35981792.0,199762573.55,0.0,0.0,0.0,0.0,35895886.63,0.0,0.0,0.0,0.0,1537.6,0.0,0.0,0.0,0.0,0.0,0.0,0.0,0.0,0.0,0.0,604703473.62,0.0,0.0,0.0,0.0,177125521.96,0.0
16,0.0,87030.0,0.0,8107888.15,428969534.49,0.0,38953530.0,435874239.77,0.0,82060.0,7286521.0,21325664.92,141627988.73,0.0,0.0,0.0,0.0,2172.0,0.0,0.0,0.0,0.0,0.0,2053.0,62423000.0,0.0,0.0,0.0,1232224690.06,0.0,0.0,0.0,0.0,87483008.0,0.0
17,0.0,29696252.8,0.0,0.0,324858071.22,0.0,45979322.4,390473379.4,0.0,0.0,10985490.0,3430.4,88913896.35,0.0,0.0,0.0,0.0,2388.8,0.0,0.0,0.0,0.0,0.0,0.0,86171800.0,0.0,0.0,0.0,977084031.37,0.0,0.0,0.0,0.0,0.0,0.0
18,0.0,27045000.0,0.0,0.0,127079133.54,0.0,22246173.0,380392111.87,0.0,20440688.58,0.0,0.0,31098815.93,0.0,0.0,36353300.0,0.0,1694.4,0.0,0.0,0.0,0.0,0.0,0.0,56840900.0,0.0,0.0,0.0,734535417.32,0.0,0.0,0.0,0.0,33037600.0,0.0
19,0.0,18854000.0,0.0,0.0,94889318.14,0.0,0.0,367061614.96,0.0,0.0,0.0,109644354.08,222304.44,0.0,0.0,84818187.48,0.0,2369.6,0.0,0.0,0.0,0.0,0.0,0.0,87972987.9,0.0,0.0,0.0,906564736.6,0.0,0.0,0.0,0.0,143099600.0,0.0
20,0.0,0.0,0.0,9907084.26,31282500.0,0.0,0.0,200792582.68,0.0,0.0,119709.48,18720000.0,11044000.0,0.0,0.0,31246043.4,0.0,0.0,0.0,0.0,0.0,0.0,0.0,0.0,0.0,0.0,0.0,0.0,319355440.67,0.0,16243520.85,0.0,0.0,0.0,0.0
21,0.0,14047000.0,0.0,0.0,76998167.68,0.0,43502243.45,183842278.35,0.0,0.0,13625236.56,20013500.0,0.0,0.0,0.0,0.0,0.0,0.0,0.0,0.0,0.0,0.0,0.0,136807.85,0.0,0.0,0.0,0.0,369537433.89,0.0,0.0,0.0,0.0,17372200.0,0.0
22,0.0,7469000.0,0.0,0.0,38488292.02,0.0,13226484.0,189393326.51,0.0,1728650.0,0.0,0.0,7681825.68,0.0,0.0,148178.46,0.0,0.0,0.0,0.0,0.0,0.0,0.0,0.0,0.0,0.0,0.0,0.0,303312312.29,0.0,5690000.0,0.0,0.0,39486555.62,0.0
23,0.0,9458.68,0.0,0.0,1440477.01,0.0,0.0,117995245.74,0.0,0.0,15592.23,0.0,0.0,0.0,0.0,0.0,0.0,10602.72,37917.66,0.0,0.0,0.0,0.0,0.0,0.0,0.0,0.0,0.0,208345388.14,0.0,9237410.8,0.0,0.0,79598683.3,0.0
24,0.0,46188.24,0.0,0.0,983996.91,0.0,0.0,125644538.43,0.0,0.0,101870.92,0.0,8906088.0,0.0,0.0,0.0,0.0,12165.6,0.0,0.0,0.0,0.0,0.0,0.0,0.0,0.0,0.0,0.0,207308038.8,0.0,3375500.0,0.0,0.0,68237690.7,0.0
25,0.0,0.0,0.0,0.0,2442939.62,0.0,0.0,129914981.44,0.0,0.0,0.0,5980800.0,8810100.0,0.0,0.0,0.0,0.0,11277.6,0.0,0.0,0.0,0.0,0.0,0.0,0.0,0.0,0.0,0.0,225073499.43,0.0,0.0,0.0,0.0,77913400.77,0.0
26,0.0,25571.91,0.0,0.0,18840508.03,0.0,0.0,159969611.36,0.0,115299.99,0.0,9295017.6,9467412.21,0.0,0.0,44000.5,0.0,10220.88,0.0,0.0,0.0,0.0,0.0,0.0,0.0,0.0,0.0,0.0,271179392.59,0.0,39793.6,0.0,0.0,73371956.51,0.0
27,0.0,17957.94,0.0,0.0,34112.55,0.0,0.0,96271071.35,0.0,11363044.0,0.0,58769040.4,0.0,0.0,0.0,0.0,0.0,41886.96,16143.2,0.0,0.0,0.0,0.0,0.0,0.0,0.0,0.0,0.0,249374580.8,0.0,0.0,0.0,0.0,82861324.4,0.0
28,0.0,36659.62,0.0,0.0,27478079.61,0.0,0.0,103055408.98,0.0,15236600.0,0.0,0.0,16508802.87,0.0,0.0,0.0,0.0,8702.4,0.0,0.0,0.0,0.0,0.0,4392900.0,0.0,0.0,0.0,0.0,199832653.48,0.0,0.0,0.0,0.0,33115500.0,0.0
29,0.0,0.0,0.0,0.0,28703270.27,0.0,0.0,67318941.55,0.0,17120420.0,0.0,0.0,9235237.5,0.0,0.0,0.0,0.0,89031.66,71559.85,0.0,0.0,0.0,0.0,0.0,0.0,0.0,0.0,0.0,144805640.03,0.0,3070200.0,0.0,0.0,19196979.2,0.0
30,0.0,0.0,0.0,0.0,25624530.0,0.0,0.0,40381586.86,0.0,16430230.0,0.0,0.0,0.0,0.0,0.0,5295500.0,0.0,5922.96,0.0,0.0,0.0,0.0,0.0,0.0,0.0,0.0,0.0,0.0,121749869.82,0.0,0.0,0.0,0.0,34012100.0,0.0
31,0.0,0.0,0.0,0.0,60987683.0,0.0,0.0,45189749.1,0.0,0.0,0.0,0.0,0.0,0.0,0.0,2098800.0,0.0,5026.08,0.0,0.0,0.0,0.0,0.0,0.0,0.0,0.0,0.0,0.0,108281258.18,0.0,0.0,0.0,0.0,0.0,0.0
32,0.0,0.0,0.0,0.0,96206373.0,0.0,0.0,92836045.03,0.0,0.0,0.0,0.0,0.0,0.0,0.0,0.0,0.0,6677.76,0.0,0.0,0.0,0.0,0.0,0.0,0.0,0.0,0.0,0.0,189183438.79,0.0,0.0,0.0,0.0,134343.0,0.0
33,0.0,0.0,0.0,0.0,90442313.93,0.0,0.0,73381852.76,0.0,0.0,0.0,0.0,0.0,0.0,0.0,23106.6,0.0,5345.76,0.0,0.0,0.0,0.0,0.0,0.0,0.0,0.0,0.0,0.0,163978742.84,0.0,92253.85,0.0,0.0,33869.94,0.0
34,0.0,0.0,0.0,0.0,134305585.81,0.0,0.0,442229106.25,0.0,0.0,0.0,0.0,0.0,0.0,0.0,0.0,0.0,5265.84,0.0,0.0,0.0,0.0,0.0,0.0,0.0,0.0,0.0,0.0,576578224.1,0.0,0.0,0.0,0.0,38266.2,0.0
35,0.0,0.0,0.0,0.0,57403100.0,0.0,0.0,1802450431.74,0.0,0.0,0.0,0.0,0.0,0.0,0.0,0.0,0.0,12403.32,0.0,0.0,0.0,0.0,0.0,0.0,0.0,0.0,0.0,0.0,1859865935.06,0.0,0.0,0.0,0.0,0.0,0.0
36,0.0,0.0,0.0,0.0,758477986.06,0.0,0.0,4380840549.81,0.0,0.0,0.0,0.0,19147.31,0.0,0.0,0.0,0.0,5452.32,0.0,0.0,0.0,0.0,0.0,17552.98,0.0,0.0,0.0,0.0,5139539452.03,0.0,0.0,0.0,0.0,178763.55,0.0
37,0.0,0.0,0.0,0.0,1616972104.29,0.0,0.0,9808822965.66,0.0,0.0,55056.4,166845394.0,0.0,0.0,0.0,0.0,0.0,5026.08,109829.46,0.0,0.0,0.0,0.0,499154.25,0.0,0.0,0.0,0.0,11593309530.14,0.0,0.0,0.0,0.0,0.0,0.0
38,0.0,266788.14,0.0,22412.4,1609370210.98,0.0,0.0,14397530909.39,0.0,0.0,70065.12,53640000.0,162891.87,0.0,0.0,497482.74,0.0,822933.79,80885.95,0.0,0.0,0.0,0.0,531940.62,0.0,0.0,0.0,0.0,16063150557.52,0.0,0.0,0.0,0.0,154036.52,0.0
39,0.0,19994.04,0.0,0.0,1350460752.48,0.0,0.0,16148930438.38,0.0,0.0,0.0,60520186.25,16322.72,0.0,0.0,48249.84,0.0,68281.86,0.0,0.0,0.0,0.0,0.0,15642.9,0.0,0.0,0.0,0.0,17560079868.47,0.0,0.0,0.0,0.0,0.0,0.0
40,0.0,18909.88,0.0,0.0,1078058264.44,0.0,0.0,12398342262.7,0.0,0.0,14457.0,10200.3,356349.66,0.0,0.0,54494.43,0.0,540286.31,45070.0,0.0,0.0,0.0,0.0,167355.3,0.0,0.0,0.0,0.0,13477695371.3,0.0,0.0,0.0,0.0,87721.28,0.0
41,0.0,39570.63,0.0,0.0,1426336380.4,0.0,210871.8,12495459627.51,0.0,0.0,208995.61,10095.9,689118.84,0.0,16262.03,42194.72,0.0,578426.64,5472974.5,0.0,0.0,0.0,0.0,1133352.91,65464.36,0.0,0.0,0.0,13930657376.99,0.0,87263.74,0.0,0.0,306777.4,0.0
42,0.0,113047.03,0.0,0.0,1428878456.98,0.0,234954.69,12441878204.41,0.0,0.0,247820.6,796237756.95,574236.7,0.0,12123.55,122643.06,0.0,745646.48,6463758.0,0.0,0.0,0.0,0.0,1669608.71,13391.91,0.0,0.0,0.0,14677465877.79,0.0,74550.46,0.0,0.0,199678.26,0.0
43,0.0,83485.85,0.0,0.0,1677983257.58,0.0,183634.09,13278843139.19,0.0,201588.03,289672.32,1463890068.73,645118.89,0.0,16279.37,217284.61,0.0,763749.13,6975191.57,0.0,0.0,0.0,0.0,1400794.84,19241.25,0.0,0.0,0.0,16431781744.73,0.0,67903.38,0.0,0.0,201335.9,0.0
44,0.0,96664.3,0.0,0.0,1471134452.27,0.0,158227.46,13243223372.23,0.0,256886.13,251701.05,511476129.35,510592.6,0.0,14415.32,149055.0,0.0,576030.64,5708204.72,0.0,0.0,0.0,0.0,1011351.17,15495.62,0.0,0.0,0.0,15234827691.53,0.0,58656.88,0.0,0.0,186456.79,0.0
45,0.0,92779.78,0.0,0.0,1759495910.39,0.0,141115.17,15335935185.16,0.0,205532.38,210720.86,214514706.0,463922.55,0.0,11215.04,132785.61,0.0,500781.19,5846146.52,0.0,0.0,0.0,0.0,1036948.09,13443.22,0.0,0.0,0.0,17318813825.17,0.0,51919.42,0.0,0.0,160713.79,0.0
46,0.0,0.0,0.0,0.0,1470516041.61,0.0,0.0,13871858860.22,0.0,0.0,0.0,0.0,0.0,0.0,0.0,34535.16,0.0,6038.4,13940.85,0.0,0.0,0.0,0.0,694087.29,0.0,0.0,0.0,0.0,15343123503.53,0.0,0.0,0.0,0.0,0.0,0.0
47,0.0,26770.5,0.0,0.0,2148803673.44,0.0,0.0,13387495179.28,0.0,0.0,0.0,0.0,14379.04,0.0,0.0,42696.72,0.0,8409.36,22965.75,0.0,0.0,0.0,0.0,631580.35,0.0,0.0,0.0,0.0,15537128207.82,0.0,0.0,0.0,0.0,82553.38,0.0
48,0.0,17117.35,0.0,0.0,3636650064.15,0.0,0.0,14328286192.53,0.0,0.0,0.0,0.0,119.25,0.0,0.0,677.12,0.0,8063.04,10401.53,0.0,0.0,0.0,0.0,32052.1,0.0,0.0,0.0,0.0,17965108997.55,0.0,103745.76,0.0,0.0,564.72,0.0
49,0.0,14059.07,0.0,0.0,3011131487.63,0.0,0.0,11184160009.82,0.0,0.0,0.0,0.0,99.0,0.0,0.0,593.92,0.0,10176.48,11566.25,0.0,0.0,0.0,0.0,30280.0,0.0,0.0,0.0,0.0,14195458010.03,0.0,99185.23,0.0,0.0,552.63,0.0
50,0.0,15163.92,0.0,0.0,2044137953.23,0.0,0.0,11082648876.31,0.0,0.0,0.0,0.0,234690.58,0.0,0.0,484.48,0.0,9270.72,12496.6,0.0,0.0,0.0,0.0,34069.4,0.0,0.0,0.0,0.0,13127188697.07,0.0,94866.2,0.0,0.0,825.63,0.0
51,0.0,0.0,0.0,0.0,1622493707.92,0.0,0.0,11308622641.67,0.0,0.0,0.0,0.0,200327.9,0.0,0.0,0.0,0.0,7929.84,0.0,0.0,0.0,0.0,0.0,6943.26,0.0,0.0,0.0,0.0,12931380920.19,0.0,49369.6,0.0,0.0,0.0,0.0
52,0.0,0.0,0.0,0.0,2011864783.25,0.0,0.0,9227377534.42,0.0,0.0,0.0,0.0,175885.05,0.0,0.0,0.0,0.0,9146.4,0.0,0.0,0.0,0.0,0.0,5494.08,0.0,0.0,0.0,0.0,11239479704.0,0.0,46860.8,0.0,0.0,0.0,0.0
