,交通运输、仓储和邮政业,住宿和餐饮业,信息传输、软件和信息技术服务业,农、林、牧、渔业,制造业,卫生和社会工作,建筑业,房地产业,批发和零售业,文化、体育和娱乐业,水利、环境和公共设施管理业,电力、热力、燃气及水生产和供应业,科学研究和技术服务业,租赁和商务服务业,行业投资合计,金融业
0,0.0,0.0,144360.0,0.0,3531931.0,0.0,28768.0,0.0,0.0,0.0,0.0,0.0,0.0,0.0,3705059.0,0.0
1,0.0,0.0,223129.4,0.0,619917.69,0.0,7057072.0,0.0,0.0,0.0,0.0,0.0,0.0,0.0,843047.09,0.0
2,0.0,0.0,131442.5,0.0,1696157.78,0.0,8924864.04,0.0,0.0,0.0,6578.04,0.0,0.0,0.0,1834178.32,0.0
3,0.0,0.0,1113985.5,0.0,1504270.75,0.0,26477793.21,0.0,19147.31,0.0,0.0,0.0,17552.98,0.0,2654956.54,0.0
4,0.0,0.0,3266886.0,0.0,7726940.44,0.0,26876130.39,0.0,0.0,0.0,0.0,0.0,402083.7,0.0,11395910.14,0.0
5,18653.36,0.0,2264795.49,0.0,10049479.64,0.0,13029.12,0.0,28264.03,0.0,57307.34,0.0,341541.12,0.0,12773070.1,0.0
6,19998.88,0.0,6746452.37,0.0,5452590.82,0.0,0.0,8975.14,16322.72,0.0,105317.27,0.0,0.0,0.0,12349657.2,0.0
7,0.0,0.0,146978.05,0.0,2529772.58,0.0,0.0,10200.3,20493.82,0.0,70224.49,24036.12,0.0,0.0,2801705.36,0.0
8,0.0,0.0,143223.7,5439.5,2370644.96,0.0,25371.37,0.0,95577.58,0.0,36272.33,13020.39,95025.15,0.0,2819296.08,34721.1
9,0.0,3345.12,19964.0,5766.3,1704755.29,0.0,20183.39,0.0,77729.83,8952.62,38613.78,0.0,267215.89,0.0,2146526.22,0.0
10,0.0,4608.0,339094.17,0.0,8403589.91,18161.78,4713.8,0.0,138230.7,16891.92,21351.71,0.0,121159.78,0.0,9067801.77,0.0
11,0.0,0.0,40856.88,0.0,2536914.86,15752.1,0.0,0.0,109236.3,0.0,0.0,0.0,47831.54,0.0,2750591.68,0.0
12,0.0,0.0,76131.78,0.0,2466802.81,209620.69,0.0,0.0,21401.16,0.0,243311.08,0.0,30307.77,0.0,3047575.29,0.0
13,0.0,0.0,275541.84,0.0,3001101.37,31314.5,0.0,0.0,0.0,0.0,31085.6,0.0,232911.75,0.0,3571955.06,0.0
14,0.0,0.0,107383.36,0.0,6019618.88,106663.2,0.0,0.0,0.0,0.0,38283.7,0.0,202601.55,0.0,6474550.69,0.0
15,0.0,0.0,1106288.86,0.0,773231.11,73528.54,77329.12,0.0,264213.32,0.0,103469.59,361603.2,309452.16,0.0,3069115.9,0.0
16,0.0,0.0,67149.4,0.0,1078823.8,23782.86,10516.15,0.0,30441.28,0.0,7740.0,35447.47,14394.48,0.0,1268295.44,0.0
17,0.0,0.0,70222.78,0.0,3804218.12,21185.46,11369.83,0.0,53953.74,0.0,19659.89,33563.97,14669.76,0.0,4028843.55,0.0
18,13981.41,0.0,1447511727.16,0.0,3139300.0,0.0,0.0,0.0,19537.2,0.0,8932.82,0.0,11178.92,3058.0,3195988.35,0.0
19,11556.45,0.0,5924.1,0.0,548769.12,0.0,0.0,0.0,0.0,0.0,15863.38,0.0,15750.21,3097.6,600960.86,0.0
