,1290,1327,1598,1774,1885,1928,1972,3252,4771,4908,5264,5735,6178,6197,9572,9892,10347,12289,13369,16375,34997,35007,50936,61439,71995,134754,159829,159848,168983,177195,222194,223097,223247,223248,223422,226099,226100,226106,228731,237619,237621,239845,240641,252151,285408,288804,291902,299725,300257,300284,300485,302187,306392,310966,311234,317825,330951,337389,339854,341325,341471,359419,361523,363791,367798,372715,381806,382124,382125,382747,383506,383796,398937,402044,402506,409498,415205,417783,417803,418072,418419,420833,421909,438958,455224,455975,457962,458368,486600,492531,493722,496318
0,11200,0,18600,16400,16800,0,0,0,0,0,0,13800,0,25500,0,3600,0,0,0,12800,2000,2800,0,0,0,0,0,0,0,0,0,0,0,0,0,0,0,0,0,0,0,0,0,0,0,0,0,0,0,0,0,0,0,0,0,0,0,0,0,0,0,0,0,0,0,0,0,0,0,0,0,0,0,0,0,0,0,0,0,0,0,0,0,0,0,0,0,0,0,0,0,0
1,0,0,4110700,5020800,0,0,0,2238028,0,0,0,0,2797453,11653558,0,1007099,0,0,0,3356000,443560,776544,860765,0,0,0,884,816,0,671,0,0,0,0,0,7643,0,2557,0,0,0,0,0,0,0,0,0,0,0,0,0,0,0,0,0,0,0,0,0,0,0,0,0,0,0,0,0,0,0,0,0,0,0,0,0,0,0,0,0,0,0,0,0,0,0,0,0,0,0,0,0,0
2,0,0,0,7808000,0,0,0,2932528,0,0,11730000,0,3714509,15438258,0,1758596,0,0,0,0,979260,1365349,1171193,391490,0,0,0,0,0,0,5790,0,0,0,13249,7643,1450,0,4306,0,0,0,0,0,0,0,0,0,0,0,0,0,0,0,0,0,0,0,0,0,0,0,0,0,0,0,0,0,0,0,0,0,0,0,0,0,0,0,0,0,0,0,0,0,0,0,0,0,0,0,0,0
3,0,0,0,25182605,0,0,0,9384073,0,0,37535930,0,11886339,49289344,0,5630462,0,0,0,0,3149024,4407146,3776965,1251170,0,0,0,0,0,0,0,0,0,20700,13249,0,1450,0,0,6833,8807,0,0,0,0,0,0,0,0,0,0,0,0,0,0,0,0,0,0,0,0,0,0,0,0,0,0,0,0,0,0,0,0,0,0,0,0,0,0,0,0,0,0,0,0,0,0,0,0,0,0,0
4,0,0,0,19870105,0,0,0,7639452,0,0,34122978,0,0,38197462,118000,4143227,577000,118000,0,0,3055876,4582859,3055840,1527781,0,0,0,0,935990,0,0,0,0,20700,0,0,0,0,0,0,0,0,0,12351,0,0,0,0,0,0,0,0,0,0,0,0,0,0,0,0,0,0,0,0,0,0,0,0,0,0,0,0,0,0,0,0,0,0,0,0,0,0,0,0,0,0,0,0,0,0,0,0
5,0,0,0,23543297,0,0,0,9017038,0,0,39483574,0,0,45710457,0,5187005,577000,118000,0,0,3636706,5560388,3636147,2007671,0,0,0,0,1156950,0,0,0,0,0,0,0,0,0,0,0,0,9201,121132,12351,0,0,0,0,0,0,0,0,0,0,0,0,0,0,0,0,0,0,0,0,0,0,0,0,0,0,0,0,0,0,0,0,0,0,0,0,0,0,0,0,0,0,0,0,0,0,0,0
6,0,0,0,15159997,0,30930896,6669049,6063995,0,369600,24862376,0,0,0,0,3638438,0,0,0,0,0,4244833,6064103,0,160000,473,0,0,1213150,0,0,0,6027130,0,0,0,0,0,0,0,0,0,12114,0,2427,0,0,0,0,0,0,0,0,0,0,0,0,0,0,0,0,0,0,0,0,0,0,0,0,0,0,0,0,0,0,0,0,0,0,0,0,0,0,0,0,0,0,0,0,0,0,0
7,0,0,0,12747497,0,26117696,5608649,5099060,0,0,20905876,0,0,0,0,3059438,0,0,0,0,0,3569333,5099103,0,0,473,0,0,1020150,0,0,0,5063203,0,0,0,0,0,0,0,0,0,12114,0,0,0,5658,5354,5740,0,0,0,0,0,0,0,0,0,0,0,0,0,0,0,0,0,0,0,0,0,0,0,0,0,0,0,0,0,0,0,0,0,0,0,0,0,0,0,0,0,0,0
8,0,0,6463385,10060230,0,21610821,5152994,3353365,0,0,0,0,0,0,0,1863038,0,0,0,0,0,4471172,3350389,0,0,0,0,0,1863068,0,0,2235561,0,0,0,0,0,0,0,0,0,0,0,0,0,2701,0,5354,5740,0,1452,0,853,0,0,0,0,0,0,0,0,0,0,0,0,0,0,0,0,0,0,0,0,0,0,0,0,0,0,0,0,0,0,0,0,0,0,0,0,0,0,0
9,0,0,7166490,0,0,24446057,5819258,3755592,0,0,0,0,0,0,0,2086549,0,0,0,5826271,0,5013660,3752631,1638484,0,0,0,0,2086617,0,0,0,0,0,0,0,0,0,0,0,0,0,0,0,0,2701,0,0,0,0,0,2556,0,0,704,1485,12960,0,0,0,0,0,0,0,0,0,0,0,0,0,0,0,0,0,0,0,0,0,0,0,0,0,0,0,0,0,0,0,0,0,0,0
10,0,0,0,0,0,19315836,5518790,3153578,400000,0,0,0,0,0,0,1970982,0,0,0,4730400,0,3941919,3956591,1182584,0,0,0,0,1576827,0,0,0,0,0,0,0,0,0,0,0,0,0,0,0,0,0,0,0,0,13796975,0,0,0,0,0,0,12960,0,0,0,7129,0,2594,0,0,37990,0,0,0,0,0,0,0,0,0,0,0,0,0,0,0,0,0,0,0,0,0,0,0,0,0,0
11,0,0,7349990,0,0,24009957,6860690,3919977,0,0,0,0,0,0,0,2449982,0,0,0,0,0,4899989,4816091,1469984,0,0,0,0,1960027,0,0,0,0,0,0,0,0,0,0,0,0,0,0,0,0,0,0,0,0,17149952,0,0,0,0,0,0,12960,0,0,0,0,0,2594,2486,0,0,0,13998,6790,0,0,0,0,0,0,0,0,0,0,0,0,0,0,0,0,0,0,0,0,0,0,0
12,0,0,7498070,0,0,24635296,6960318,3749618,0,0,0,0,0,0,0,2142906,0,0,0,5891600,0,5889309,4819476,2244526,0,0,0,0,0,0,0,0,0,0,0,0,0,0,0,0,0,0,0,0,0,0,0,0,0,17673760,0,0,0,5747,0,0,0,0,33327,63694,0,32650,0,0,0,0,13111,0,0,0,0,0,0,0,0,0,0,0,0,0,0,0,0,0,0,0,0,0,0,0,0,0
13,0,0,0,0,0,27728103,7832232,5911776,0,0,0,0,0,0,0,2411006,0,0,0,6628600,0,6626258,7313408,2490437,0,0,0,0,0,0,0,3610840,0,0,0,0,0,0,0,0,0,0,0,0,0,0,0,0,0,19882032,0,0,0,0,0,0,0,0,33327,0,0,0,0,0,0,0,0,0,0,0,0,0,70700,0,0,0,2544,6334,0,0,0,0,7365,0,0,0,0,0,0,0,0,0
14,0,138400,0,0,0,27387403,0,7542811,0,0,0,0,0,0,0,2742806,0,0,39647,6857200,0,7542618,7542808,2742821,0,0,0,0,0,0,0,4800781,8914347,0,0,0,0,0,0,0,0,0,0,0,0,0,0,0,0,21256832,0,0,0,0,0,0,0,0,0,0,0,0,0,0,0,0,0,0,0,0,0,0,70700,0,0,0,0,0,0,20526,0,0,7365,0,0,0,0,0,0,0,0,0
15,0,0,0,16603794,0,28839403,8662832,7941031,0,0,0,0,0,0,0,2887606,0,0,0,0,0,7940218,7940963,0,0,0,0,0,0,0,0,5053717,9384476,0,0,0,0,0,0,0,0,0,0,0,0,0,0,0,0,22354090,0,0,0,0,0,0,0,24961,0,0,0,0,0,0,0,0,0,0,0,0,0,0,0,0,0,0,2544,0,40154,0,37667,0,0,0,10071,0,0,0,0,0,0,0
16,0,0,0,20750994,0,36366002,0,9910184,0,0,0,0,0,0,0,3854106,0,0,0,9538418,0,9725583,12080613,0,0,0,0,0,0,0,0,6305111,11593339,0,0,0,0,0,0,0,0,0,0,0,0,0,0,0,0,28533594,0,0,0,0,0,0,0,0,0,0,0,0,0,0,7405,0,0,0,0,6261,2618,0,0,2023,3060,0,0,0,0,0,0,0,0,0,0,0,0,0,0,0,0,0
17,0,0,0,21303194,0,37323602,0,10173319,0,0,0,0,0,0,0,3960006,0,0,0,0,0,9981283,12399016,0,0,0,0,0,5594943,0,0,6474175,11900154,0,0,0,0,0,0,0,0,0,0,0,0,0,0,0,0,29286927,0,0,0,0,0,0,0,0,0,0,0,0,0,0,7405,0,0,0,0,6261,0,0,0,0,0,0,0,0,0,0,0,0,0,0,0,1501,0,0,57825,0,1939,0
18,0,0,0,0,0,44975297,0,8764974,0,0,0,0,0,0,0,3414906,0,0,0,0,0,8598083,9387842,0,0,0,0,0,4811943,0,0,5593437,11731589,0,0,0,0,0,0,0,0,0,0,0,0,0,0,0,0,25411236,0,0,0,0,0,0,0,0,0,0,0,0,0,0,0,0,0,0,0,0,0,9723,0,0,0,11950807,0,0,0,0,0,0,0,0,0,1501,0,593,57825,0,0,4048
19,0,0,0,15267114,0,37564197,0,7310874,0,0,0,0,0,0,0,2850206,0,0,0,0,0,7174183,7846577,0,0,0,0,0,0,0,0,4662640,9793313,0,0,0,0,0,0,0,0,0,0,0,0,0,0,0,0,21235643,0,0,0,0,0,0,0,0,0,0,0,0,0,0,0,0,0,0,0,0,0,9723,0,0,0,10002207,0,0,0,0,0,691,0,1045,0,0,2219,0,0,416,0,0
