Location,Code,Weights
0.0,51255.0,0.40725784563214457
0.0,138468.0,0.23966334427464245
0.0,16967.0,0.056836655353412785
0.0,1576.0,0.05490367531376684
0.0,1702.0,0.04992094992751505
1.0,51255.0,0.40725454039143427
1.0,138468.0,0.23966097237554343
1.0,16967.0,0.05683826269014501
1.0,1576.0,0.05490349003723617
1.0,1702.0,0.04992066480273452
2.0,51255.0,0.40725655231824215
2.0,138468.0,0.23966165479278081
2.0,16967.0,0.056835623614240584
2.0,1576.0,0.0549045989208131
2.0,1702.0,0.04992066361024737
3.0,51255.0,0.40725521522734
3.0,138468.0,0.2396616363999196
3.0,16967.0,0.05683453787669324
3.0,1576.0,0.05490367267938169
3.0,1702.0,0.04992079919594273
4.0,51255.0,0.4072557093746675
4.0,138468.0,0.23966202712793738
4.0,16967.0,0.05683568418302434
4.0,1576.0,0.054903658685848705
4.0,1702.0,0.049920838236018415
