Location,Code,Weights
0.0,492531.0,0.2521018835684582
0.0,458368.0,0.19358782056465768
0.0,134754.0,0.13400210700483048
0.0,311234.0,0.0854549946669391
0.0,306392.0,0.06697995927379076
1.0,492531.0,0.2524039769829084
1.0,458368.0,0.1943450104554753
1.0,134754.0,0.13383834808927178
1.0,311234.0,0.08492654688039447
1.0,306392.0,0.06679065930370341
2.0,492531.0,0.2453090899010873
2.0,458368.0,0.19161283224574163
2.0,134754.0,0.13675290335737478
2.0,311234.0,0.089132375707496
2.0,306392.0,0.06849210018127538
3.0,492531.0,0.3333150544804396
3.0,458368.0,0.16626802358438814
3.0,134754.0,0.12575697544404899
3.0,177195.0,0.12534050009493025
3.0,311234.0,0.11212194521903456
4.0,492531.0,0.2516644087666902
4.0,458368.0,0.19362318396531392
4.0,134754.0,0.13492249752328975
4.0,311234.0,0.08495500004007706
4.0,306392.0,0.0670157709915215
